$ANSIBLE_VAULT;1.1;AES256
37636566323739356334643566386337393333383662626238383365626261386434393731333137
6532653239396261373437306136373836386433323037380a393632383331313464326539333766
38373739313664303764323830353635363161303232356439333163613939663062306362626233
3630376637366639650a653230383964653962666232356134636363306636643764386465353335
63633933653636613062363662303139636662646238383866356565393632613335643633666538
30346638323465363464396130653263373462636636376132353032626463323832363166393033
39636333313865353830383666356131653730313865363937386336663631616366336461363033
33623730623939303533353735383436383763346138656439303130386566353761343535333939
38313335656265633038396536393836353634626438643439306539356434643065336665346133
63373462336138613636636462663136396337623130306337353465636534336536393439393662
66373037663239633332313937656335646363643038653533666439313864626436666465363439
34346464643263333966616264643161343233643839656466383864393063353639613939393666
64356161636537666437383334353238366265366539376634393739373266636539396335383535
6261626664316165326538366463646139363038633862303632
